8270
8276
8278
8279
8280
8275
8279
8278
8276
8279
8279
8278
8274
8273
8276
8274
8279
8279
8277
8274
8278
8276
8280
8278
8274
8280
8278
8277
8277
8276
8275
8274
8271
8274
8278
8275
8272
8276
8277
8275
8280
8267
8265
8252
8230
7895
7252
6177
5073
4212
2880
1659
1419
1399
1391
1398
1407
1499
2547
3716
4730
5420
5882
6664
7107
7698
7715
8059
8186
8173
7966
8194
7879
7852
7443
7052
6920
6549
6573
5926
5958
5936
5843
5375
5155
5231
4882
4733
5249
4835
5023
4593
4503
4701
4677
4275
4831
4849
4849
4916
4929
5254
4869
4918
5450
5011
5455
5244
5631
5621
5573
5744
5821
5804
5971
5924
6169
5964
6386
6329
6371
6673
6848
6819
7049
7424
7273
7430
7813
7596
7998
8014
8143
8090
8067
8173
8236
8210
8224
8231
8246
8241
8244
8250
8251
8257
8253
8259
8257
8260
8260
8261
8263
8264
8264
8263
8264
8264
8263
8266
8267
8271
8271
8271
8276
8275
8277
8273
8276
8274
8277
8278
8276
8280
8274
8276
8273
8274
8274
8273
8272
8272
8272
8271
8278
8280
8277
8276
8277
8275
8273
8276
8279
8274
8272
8272
8276
8273
8273
8280
8279
8277
8279
8278
8276
8276
8277
8278
8276
8275
8274
8279
8275
8277
8273
8278
8277
8273
8274
8272
8272
8273
8278
8279
8272
8275
8277
8273
8274
8274
8277
8274
8274
8274
8275
8276
8276
8273
8276
8275
8280
8275
8272
8276
8272
8275
8280
8277
8278
8274
8278
8274
8275
8280
8274
8278
8272
8276
8278
8273
8277
8273
8273
8272
8272
8278
8274
8277
8272
8274
8272
8273
8271
8271
8270
8270
8272
8273
8271
8271
8270
8268
8267
8265
8262
8262
8262
