8271
8275
8277
8276
8278
8277
8274
8273
8277
8277
8273
8274
8279
8272
8278
8280
8276
8279
8277
8272
8277
8280
8280
8278
8279
8275
8280
8278
8278
8273
8275
8273
8277
8276
8277
8275
8273
8278
8277
8273
8272
8264
8263
8251
8229
7896
7251
6194
5088
4228
2893
1673
1420
1402
1392
1400
1405
1507
2567
3743
4745
5447
5904
6668
7124
7713
7718
8055
8186
8177
7981
8200
7893
7859
7445
7054
6921
6566
6572
5937
5976
5952
5864
5395
5183
5252
4903
4743
5255
4844
5041
4609
4528
4721
4707
4303
4841
4860
4868
4935
4928
5273
4882
4933
5484
5038
5463
5263
5636
5634
5580
5770
5839
5828
5976
5933
6193
5989
6396
6328
6385
6681
6858
6831
7065
7449
7280
7441
7827
7606
8011
8016
8143
8095
8072
8174
8231
8210
8222
8230
8250
8242
8249
8250
8249
8255
8257
8258
8261
8261
8260
8260
8261
8261
8264
8265
8269
8266
8267
8267
8266
8270
8273
8271
8275
8276
8278
8272
8275
8275
8277
8275
8278
8274
8272
8275
8278
8278
8273
8276
8276
8277
8276
8279
8271
8278
8279
8275
8274
8272
8279
8275
8273
8273
8278
8275
8277
8277
8274
8274
8277
8273
8279
8276
8274
8277
8280
8277
8273
8280
8280
8278
8276
8276
8275
8279
8277
8274
8274
8273
8276
8274
8277
8276
8269
8277
8277
8275
8276
8277
8277
8273
8280
8278
8274
8274
8277
8276
8277
8271
8276
8274
8275
8277
8274
8276
8277
8275
8274
8277
8272
8274
8273
8276
8270
8274
8274
8273
8276
8272
8275
8275
8274
8278
8274
8274
8274
8271
8273
8272
8273
8272
8272
8270
8270
8273
8271
8271
8271
8270
8270
8267
8265
8262
8263
8265
8261
