822
824
156
157
157
157
156
156
157
156
157
157
157
156
156
157
157
157
156
157
157
156
156
156
156
157
156
156
157
156
157
156
157
157
156
156
156
157
156
156
157
156
156
156
156
157
159
205
282
420
542
640
778
825
827
828
829
828
828
829
819
714
594
516
465
369
312
235
226
182
164
164
190
164
200
204
252
307
318
378
370
448
447
445
460
510
535
523
569
581
533
568
552
594
605
585
594
631
572
569
576
560
561
527
569
567
503
551
500
524
484
479
490
469
467
462
444
445
428
446
402
403
401
368
338
341
304
253
269
259
205
240
194
192
170
176
177
163
158
161
160
159
158
158
158
157
157
158
158
157
157
158
157
157
156
156
157
158
156
157
157
156
156
157
156
157
156
156
156
157
157
157
156
157
157
157
157
156
157
156
157
156
157
157
156
156
157
157
156
156
156
156
156
157
156
156
157
