305,0.04336101856895819
306,0.04318196891102339
307,0.0430029192530886
308,0.0428238695951538
309,0.0428238695951538
310,0.0428238695951538
311,0.0428238695951538
312,0.04180495535393175
313,0.0407860411127097
314,0.039767126871487646
315,0.042824737792247075
316,0.045882348713006504
317,0.045882348713006504
318,0.045882348713006504
319,0.045882348713006504
320,0.04486285567372227
321,0.043843362634438034
322,0.0428238695951538
323,0.0428238695951538
324,0.0428238695951538
325,0.04181150606259923
326,0.04079914253004466
327,0.039786778997490085
328,0.04079914253004466
329,0.04181150606259923
330,0.0428238695951538
331,0.041295498233320724
332,0.039767126871487646
333,0.0407860411127097
334,0.04180495535393175
335,0.0428238695951538
336,0.043843362634438034
337,0.04486285567372227
338,0.045882348713006504
339,0.04486285567372227
340,0.043843362634438034
341,0.0428238695951538
342,0.0428238695951538
343,0.0428238695951538
344,0.04180495535393175
345,0.0407860411127097
346,0.039767126871487646
347,0.0407860411127097
348,0.04180495535393175
349,0.0428238695951538
350,0.04434327196032503
351,0.045862674325496254
352,0.0448497394153821
353,0.04383680450526795
354,0.0428238695951538
355,0.0428238695951538
356,0.0428238695951538
357,0.0428238695951538
358,0.0428238695951538
359,0.0428238695951538
360,0.0428238695951538
361,0.0428238695951538
362,0.0428238695951538
363,0.043843362634438034
364,0.04486285567372227
365,0.045882348713006504
366,0.04435310915408015
367,0.0428238695951538
368,0.0428238695951538
369,0.0428238695951538
370,0.0428238695951538
371,0.041305324296321944
372,0.039786778997490085
373,0.04079914253004466
374,0.04181150606259923
375,0.0428238695951538
376,0.04180495535393175
377,0.0407860411127097
378,0.039767126871487646
379,0.039767126871487646
380,0.039767126871487646
381,0.039773677580155126
382,0.039780228288822606
383,0.039786778997490085
384,0.039780228288822606
385,0.039773677580155126
386,0.039767126871487646
387,0.042824737792247075
388,0.045882348713006504
389,0.045882348713006504
390,0.045882348713006504
391,0.045882348713006504
392,0.04435310915408015
393,0.0428238695951538
394,0.04383680450526795
395,0.0448497394153821
396,0.045862674325496254
397,0.04383082517416005
398,0.04179897602282385
399,0.039767126871487646
400,0.041295498233320724
401,0.0428238695951538
402,0.0428238695951538
403,0.0428238695951538
404,0.0428238695951538
405,0.041295498233320724
406,0.039767126871487646
407,0.04180553415199393
408,0.04384394143250022
409,0.045882348713006504
410,0.04486285567372227
411,0.043843362634438034
412,0.0428238695951538
413,0.0428238695951538
414,0.0428238695951538
415,0.0428238695951538
416,0.0428238695951538
417,0.0428238695951538
418,0.04434327196032503
419,0.045862674325496254
420,0.04886636636569639
421,0.05187005840589653
422,0.054873750446096665
423,0.06995743495706089
424,0.08504111946802512
425,0.10012480397898933
426,0.14959317956390844
427,0.19906155514882756
428,0.2595027015182829
429,0.3199438478877382
430,0.3803849942571936
431,0.43102571929498035
432,0.4816664443327672
433,0.5305429792947987
434,0.5794195142568301
435,0.6282960492188616
436,0.6699364610064615
437,0.7115768727940613
438,0.712281112408293
439,0.7129853520225246
440,0.7136895916367562
441,0.6874076305706647
442,0.6611256695045731
443,0.6172109799478479
444,0.5732962903911228
445,0.5293816008343977
446,0.47331568227273896
447,0.41724976371108025
448,0.3933743441389797
449,0.3694989245668791
450,0.34562350499477856
451,0.3131003655912126
452,0.2805772261876467
453,0.2956969663138736
454,0.3108167064401005
455,0.3259364465663274
456,0.33424387238083675
457,0.34255129819534613
458,0.35186134567885485
459,0.3611713931623635
460,0.37048144064587224
461,0.4116527975504405
462,0.4528241544550087
463,0.4820435057530254
464,0.5112628570510421
465,0.5404822083490588
466,0.5476265081202008
467,0.5547708078913426
468,0.5497345007263136
469,0.5446981935612845
470,0.5396618863962555
471,0.5304132699200033
472,0.5211646534437511
473,0.5118911838166528
474,0.5026177141895546
475,0.4933442445624563
476,0.48158732941888194
477,0.46983041427530753
478,0.459201689605644
479,0.4485729649359805
480,0.43794424026631695
481,0.4266582886055056
482,0.41537233694469416
483,0.4027932753864693
484,0.3902142138282444
485,0.37763515227001954
486,0.3589283030038899
487,0.34022145373776025
488,0.33704703301539746
489,0.3338726122930347
490,0.33069819157067193
491,0.33250823198841717
492,0.3343182724061624
493,0.3143879541863397
494,0.29445763596651703
495,0.30168684475302593
496,0.3089160535395348
497,0.3161452623260437
498,0.30531103710579754
499,0.2944768118855514
500,0.2917624024005038
501,0.2890479929154561
502,0.28633358343040843
503,0.28511126628407135
504,0.28388894913773427
505,0.2751660665660057
506,0.26644318399427713
507,0.25772030142254854
508,0.25280700481823143
509,0.24789370821391432
510,0.24426789954047534
511,0.2406420908670364
512,0.2379092482077024
513,0.23517640554836844
514,0.23244356288903445
515,0.23338456356978532
516,0.23432556425053622
517,0.23121863922491925
518,0.2281117141993023
519,0.22500478917368533
520,0.22135833971195046
521,0.21771189025021556
522,0.21878592009615433
523,0.21985994994209312
524,0.21746318593601985
525,0.21506642192994654
526,0.21266965792387327
527,0.21281833622062557
528,0.21296701451737787
529,0.21180598424783886
530,0.21064495397829985
531,0.2108268959450461
532,0.21100883791179234
533,0.2111907798785386
534,0.21043169252393631
535,0.20967260516933403
536,0.20987870846514556
537,0.21008481176095706
538,0.21078582692287445
539,0.21148684208479188
540,0.21218785724670927
541,0.2108572730709798
542,0.2095266888952503
543,0.21136039762204245
544,0.21319410634883457
545,0.21466676422823094
546,0.2161394221076273
547,0.21761207998702367
548,0.2195268229605674
549,0.22144156593411118
550,0.22399520284073765
551,0.22654883974736414
552,0.22614204633135032
553,0.22573525291533647
554,0.22532845949932265
555,0.23009986787982065
556,0.23487127626031865
557,0.23487127626031865
558,0.23487127626031865
559,0.23799772215802023
560,0.24112416805572182
561,0.2442506139534234
562,0.2440671241917126
563,0.24388363443000177
564,0.24331119997375672
565,0.2427387655175117
566,0.2407054599947655
567,0.2386721544720193
568,0.23832939103043607
569,0.2379866275888528
570,0.23764386414726957
571,0.23607495140972826
572,0.23450603867218694
573,0.22804413574802473
574,0.2215822328238625
575,0.217732458897142
576,0.21388268497042148
577,0.21161907157108292
578,0.2093554581717444
579,0.20709184477240583
580,0.20256040517370225
581,0.19802896557499866
582,0.19341702180988002
583,0.18880507804476138
584,0.18244101711214414
585,0.1760769561795269
586,0.1672793690131628
587,0.15848178184679867
588,0.15704574768922233
589,0.15560971353164602
590,0.15417367937406967
591,0.14374441217687622
592,0.13331514497968275
593,0.126536633905559
594,0.11975812283143525
595,0.11466775919747779
596,0.10957739556352032
597,0.10459958697925356
598,0.09962177839498682
599,0.0949677074607225
600,0.09031363652645817
601,0.08565956559219386
602,0.08001257383384891
603,0.07436558207550396
604,0.07005377932891274
605,0.0657419765823215
606,0.0599486735695452
607,0.054155370556768896
608,0.050020067179917554
609,0.04588476380306621
610,0.04226873734103469
611,0.038652710879003155
612,0.03436576877970273
613,0.030078826680402307
614,0.02579188458110188
615,0.023957291866721867
616,0.022122699152341857
617,0.01617444934031735
618,0.010226199528292847
619,0.011549530050288501
620,0.012872860572284156
621,0.010168763782765624
622,0.007464666993247092
623,0.003732333496623546
624,0.0
625,0.0
626,0.0
627,0.0
628,0.0
629,0.0
630,0.0
631,0.0
632,0.0
633,0.0
634,0.0
635,0.0
636,0.0
637,0.0
638,0.0
639,0.0
640,0.0
641,0.0
642,0.0
643,0.0
644,0.0
645,0.0
646,0.0
647,0.0
648,0.0
649,0.0
650,0.0
651,0.0
652,0.0
653,0.0
654,0.0
655,0.0
656,0.0
657,0.0
658,0.0
659,0.0
660,0.0
661,0.0
662,0.0
663,0.0
664,0.0
665,0.0
666,0.0
667,0.0
668,0.0012998601907843806
669,0.002599720381568761
670,0.003375351400106835
671,0.004150982418644909
672,0.0056317333241235265
673,0.007112484229602143
674,0.008312100288479375
675,0.009511716347356605
676,0.01521883226032273
677,0.020925948173288855
678,0.019521964154170422
679,0.018117980135051986
680,0.02252506457793784
681,0.026932149020823696
682,0.026912892013882625
683,0.026893635006941554
684,0.028439617538403496
685,0.02998560006986544
686,0.02998560006986544
687,0.02998560006986544
688,0.02998560006986544
689,0.029975780678365038
690,0.029965961286864632
691,0.02995601726010711
692,0.029946073233349586
693,0.03152290479660405
694,0.033099736359858516
695,0.033099736359858516
696,0.033099736359858516
697,0.03150263322344979
698,0.029905530087041055
699,0.03150263322344979
700,0.033099736359858516
701,0.033099736359858516
702,0.033099736359858516
703,0.033099736359858516
704,0.03469832141583491
705,0.03629690647181131
706,0.03469832141583491
707,0.033099736359858516
708,0.03469832141583491
709,0.03629690647181131
710,0.03629690647181131
711,0.03629690647181131
712,0.03310121827942618
713,0.029905530087041055
714,0.03629690647181131
715,0.03310121827942618
716,0.029905530087041055
717,0.03310121827942618
718,0.03629690647181131
719,0.03469832141583491
720,0.033099736359858516
721,0.033099736359858516
722,0.033099736359858516
723,0.03629690647181131
724,0.03629690647181131
725,0.03629690647181131
726,0.03310121827942618
727,0.029905530087041055
728,0.03150263322344979
729,0.033099736359858516
730,0.033099736359858516
731,0.033099736359858516
732,0.033099736359858516
733,0.03469832141583491
734,0.03629690647181131
735,0.03469832141583491
736,0.033099736359858516
737,0.033099736359858516
738,0.033099736359858516
739,0.033099736359858516
740,0.033099736359858516
741,0.033099736359858516
742,0.034708673170435814
743,0.03631760998101311
744,0.033099736359858516
745,0.03150263322344979
746,0.029905530087041055
747,0.029895197578215335
748,0.029884865069389612
749,0.033099736359858516
