-0.000498902389044669
0.0004989023890446636
-0.009048128977397102
-0.009048128977397102
-0.011339925756981914
-0.0068037080549448225
-0.0090955048345296
-0.0068037080549448225
-0.0090955048345296
-0.0090955048345296
-0.0068037080549448225
-0.0068037080549448225
-0.004523941760046239
-0.0068037080549448225
-0.0068037080549448225
-0.0068037080549448225
-0.004523941760046239
-0.0068037080549448225
-0.0068037080549448225
-0.0068037080549448225
-0.0068037080549448225
-0.0068037080549448225
-0.0068037080549448225
-0.0068394245303054655
-0.0068037080549448225
-0.0068037080549448225
-0.0068037080549448225
-0.0068037080549448225
-0.0068037080549448225
-0.0068037080549448225
-0.0090955048345296
-0.0068037080549448225
-0.0068037080549448225
-0.0068037080549448225
-0.0068037080549448225
-0.0068037080549448225
-0.0068037080549448225
-0.0068037080549448225
-0.0068037080549448225
-0.004523941760046239
-0.009048128977397102
-0.0068037080549448225
-0.006768362682498485
-0.009048128977397102
-0.009001244114790492
-0.0022214599939580186
0.0021341295126858836
0.02793380621774284
0.009651385676180839
0.005361728372108108
0.0056402673526926616
0.0049073344947442015
0.002565243618297608
0.0
-0.0009938093167435403
0.0
-0.0004954871979597699
0.0004960531457674703
0.0004960531457674703
0.0
0.0
-0.0016757364143760226
-0.0045750029899054336
-0.005210107684677197
-0.0024605985476567832
-0.0049634195315500975
-0.004512191050288653
-0.00806762174803303
-0.0067333826589683786
-0.004746435024461691
-0.010903363010324709
-0.010768183416394763
-0.013596415924128061
-0.00946212769777696
0.005733343752942519
-0.009984220906600895
-0.011216262816292457
-0.013261930667836827
-0.010697449255886886
-0.012589127308020516
-0.015477610602011698
-0.016328783536124793
-0.013186424172770604
-0.004148020854214601
-0.008904765456917835
-0.009513149136029131
-0.006319675518001937
-0.0071431623782637075
-0.00669188096445516
-0.0019518885975220498
-0.0036041242688252414
-0.0006717626736162849
0.0020896326532565453
0.005162550917321188
0.006386798661400661
0.007288102842784617
0.010609247736072717
0.013572807189273915
0.01781268049212018
0.022064146853916417
0.022099240116852777
0.030636026737259545
0.03088369838944831
0.03470169108461309
0.043006664650609774
0.047788489501010015
0.05521005608377027
0.05288485215513869
0.05983011882238474
0.059543185019012866
0.06383355420647029
0.0717730581997672
0.07324754547834339
0.08046046488679783
0.0808047787118384
0.08420579507211885
0.08966297625975682
0.09216132149223187
0.09271176349715998
0.09817926227554025
0.09809176742948475
0.11164913417761307
0.11607839413676413
0.11517132998237255
0.13896685869012948
0.1457086300619604
0.16769071702924981
0.18951423202511344
0.19986910550226636
0.20789101487526837
0.19019296809982472
0.21019782634981998
0.15599178359880356
0.1573202093626973
0.11086444981934188
0.1276996771332818
0.14010267787260575
0.08795517035512998
0.010995384301463145
0.062147906748844434
0.025807263606285526
0.021719249693236305
0.0022328814322919565
0.006630578899013076
0.0044316147990749
-0.0022328814322919565
0.0
-0.002244420922452278
-0.004477302354744234
-0.0067333826589683786
-0.0067333826589683786
-0.0067333826589683786
-0.0067333826589683786
-0.009001244114790492
-0.0067333826589683786
-0.006768362682498485
-0.009001244114790492
-0.009001244114790492
-0.009001244114790492
-0.009001244114790492
-0.004500501226676422
-0.004500501226676422
-0.006768362682498485
-0.006768362682498485
-0.006768362682498485
-0.006768362682498485
-0.004523941760046239
-0.0068037080549448225
-0.009048128977397102
-0.006768362682498485
-0.006768362682498485
-0.009048128977397102
-0.004523941760046239
-0.0068037080549448225
-0.009048128977397102
-0.0068037080549448225
-0.009048128977397102
-0.0068037080549448225
-0.0068037080549448225
-0.0068037080549448225
-0.0068037080549448225
-0.0068037080549448225
-0.0068037080549448225
-0.0068037080549448225
-0.006768362682498485
-0.0068037080549448225
-0.0068037080549448225
-0.004523941760046239
-0.0068037080549448225
-0.0068037080549448225
-0.006768362682498485
-0.0068037080549448225
-0.0068037080549448225
-0.0068037080549448225
-0.0068037080549448225
-0.009048128977397102
-0.0068037080549448225
