305
308
311
314
316
319
322
324
327
330
332
335
338
341
343
346
349
351
354
357
359
362
365
367
370
372
375
378
380
383
386
388
391
393
396
399
401
404
406
409
412
414
417
419
422
425
427
430
432
435
437
440
442
445
447
450
452
455
457
460
462
465
467
470
472
475
477
480
482
485
487
490
492
494
497
499
502
504
507
509
511
514
516
519
521
523
526
528
530
533
535
537
540
542
544
547
549
551
554
556
558
561
563
565
567
570
572
574
576
579
581
583
585
587
590
592
594
596
598
601
603
605
607
609
611
614
616
618
620
622
624
626
628
630
633
635
637
639
641
643
645
647
649
651
653
655
657
659
661
663
665
667
669
671
673
675
677
679
681
683
685
686
688
690
692
694
696
698
700
702
703
705
707
709
711
